Family	Population	Tree	Location	Region	Latitude	Longitude	SeedWeight	Germination	Survival	Height	Fitness	Elevation	PC1	PC2	Family_Homozygosity	Population_Homozygosity	Genetic_Diversity	Genetic_Load
AB_05	AB	5	TN	E	35.55297	83.49438	0.003868	0.14	0.923076923	27.32542712	3.531285966	1812	-0.044620267	-0.05689514	0.906349835	0.010900911	0.096490386	1.01486271
AB_08	AB	8	TN	E	35.55212	83.49259	0.004702	0.04	0.692307692	31.14205277	0.862395307	1785	-0.039470358	-0.07471556	0.887867273	0.010900911	0.096490386	1.01486271
AB_12	AB	12	TN	E	35.5389	83.49463	0.004182	0.2	0.933333333	29.61082539	5.527354072	1750	-0.042973187	-0.05978979	0.878349892	0.010900911	0.096490386	1.01486271
AB_16	AB	16	TN	E	35.53882	83.49534	0.003484	0.36	0.866666667	31.97449367	9.976042029	1738	-0.043910596	-0.06055466	0.918334742	0.010900911	0.096490386	1.01486271
ALB_01	ALB	1	ME	C	44.3067	70.84019	0.002736	0.78	1	23.42166677	18.26890008	455	0.033600383	0.05241128	0.890399642	0.006835856	0.094491657	1.003412454
ALB_02	ALB	2	ME	C	44.30564	70.84081	0.004442	0.66	1	30.23820177	19.95721317	524	0.008742476	0.04724817	0.888534073	0.006835856	0.094491657	1.003412454
ALB_03	ALB	3	ME	C	44.30359	70.84096	0.003128	0.66	1	29.61002304	19.54261521	523	0.001388146	0.06512981	0.916801224	0.006835856	0.094491657	1.003412454
ALB_05	ALB	5	ME	C	44.30182	70.83729	0.003554	0.72	1	32.38475298	23.31702215	573	0.003165301	0.07032021	0.899431169	0.006835856	0.094491657	1.003412454
ALB_06	ALB	6	ME	C	44.30061	70.83641	0.003562	0.84	1	27.23219874	22.87504694	589	0.023307254	0.05761142	0.918998457	0.006835856	0.094491657	1.003412454
APP_01	APP	1	VT	C	44.20933	72.9295	0.002236	0.24	1	29.0529788	6.972714912	743	0.005436566	0.04994065	0.899922803	0.010496228	0.097122329	1.014667925
APP_02	APP	2	VT	C	44.21172	72.92999	0.003436	0.74	1	31.7973818	23.53006253	780	0.000208726	0.04393561	0.909144162	0.010496228	0.097122329	1.014667925
APP_03	APP	3	VT	C	44.22097	72.92639	0.002956	0.12	0.714285714	24.36073237	2.088062773	896	0.002231169	0.05981709	0.888471312	0.010496228	0.097122329	1.014667925
APP_04	APP	4	VT	C	44.2114	72.93122	0.003416	0.86	0.933333333	27.09272146	21.74642442	741	-0.003878939	0.047302	0.925607203	0.010496228	0.097122329	1.014667925
APP_05	APP	5	VT	C	44.21034	72.93051	0.004086	0.78	0.6	32.02283374	14.98668619	733	-0.009228929	0.0629467	0.896870701	0.010496228	0.097122329	1.014667925
APP_06	APP	6	VT	C	44.21235	72.93502	0.003412	0.86	1	33.46781079	28.78231728	658	-0.021298945	0.05746384	0.906698456	0.010496228	0.097122329	1.014667925
ASC_01	ASC	1	VT	C	43.43787	72.45218	0.004124	0.82	1	29.13499353	23.89069469	883	0.009730971	0.05164152	0.868178883	0.008538439	0.098033264	1.013819687
ASC_02	ASC	2	VT	C	43.43983	72.45328	0.003704	0.9	0.6	34.47464634	18.61630902	847	0.005621101	0.03600575	0.927275001	0.008538439	0.098033264	1.013819687
ASC_03	ASC	3	VT	C	43.44192	72.45589	0.003606	0.8	0.866666667	27.62969566	19.156589	861	0.00679114	0.04325188	0.901954437	0.008538439	0.098033264	1.013819687
ASC_04	ASC	4	VT	C	43.4426	72.45713	0.003084	0.72	1	28.27059047	20.35482514	870	0.003082938	0.03550538	0.915140082	0.008538439	0.098033264	1.013819687
ASC_05	ASC	5	VT	C	43.44376	72.45867	0	0.72	1	26.83469209	19.32097831	879	0.005801112	0.03413399	0.92258603	0.008538439	0.098033264	1.013819687
ASC_06	ASC	6	VT	C	43.44379	72.45434	0.003524	0.74	0.6	24.81207298	11.0165604	967	0.020684173	0.05807763	0.894994259	0.008538439	0.098033264	1.013819687
B_02	B	2	VT	C	44.10929	73.0714	0.002704	0.44	1	36.32012924	15.98085686	311	-0.018126241	0.04792205	0.922627545	0.004837963	0.085895825	1.025115627
B_03	B	3	VT	C	44.10897	73.0712	0.002136	0.32	1	33.65025127	10.7680804	325	-0.028943877	0.04232113	0.91804041	0.004837963	0.085895825	1.025115627
B_04	B	4	VT	C	44.10908	73.0713	0.002576	0.74	0.6	29.14901463	12.9421625	328	-0.017286913	0.05074706	0.910701919	0.004837963	0.085895825	1.025115627
B_05	B	5	VT	C	44.10836	73.0715	0.003122	0.48	0.933333333	35.32109426	15.82385022	310	0.012542625	0.05991516	0.899738492	0.004837963	0.085895825	1.025115627
B_06	B	6	VT	C	44.10889	73.0714	0.001878	0.1	0.818181818	33.40166862	2.732863796	321	0.011835452	0.05123199	0.919718537	0.004837963	0.085895825	1.025115627
BAL_01	BAL	1	NY	C	44.1528	73.64591	0.003754	0.42	0.933333333	45.23426327	17.7318312	570	-0.013140532	0.05442014	0.90887561	0.009675926	0.095115219	1.01299845
BAL_02	BAL	2	NY	C	44.1517	73.65127	0.005686	0.62	1	31.39162447	19.46280717	620	-0.034599042	0.04605321	0.900863504	0.009675926	0.095115219	1.01299845
BAL_03	BAL	3	NY	C	44.15337	73.65371	0.003264	0.36	0.933333333	31.22062831	10.49013111	650	-0.016250548	0.05658226	0.886009024	0.009675926	0.095115219	1.01299845
BAL_04	BAL	4	NY	C	44.15409	73.65688	0.003812	0.44	1	30.73597325	13.52382823	670	-0.013082586	0.04683952	0.891545881	0.009675926	0.095115219	1.01299845
BAL_05	BAL	5	NY	C	44.15415	73.65799	0.003752	0.34	0.866666667	37.19959071	10.9614794	698	-0.015956033	0.05173377	0.932864185	0.009675926	0.095115219	1.01299845
BAL_10	BAL	10	NY	C	44.16008	73.66681	NA	NA	0	NA	NA	918	-0.026750695	0.04486593	0.92440708	0.009675926	0.095115219	1.01299845
BBE_01	BBE	1	NH	C	43.83596	71.55484	0.003292	0.4	1	32.00027545	12.80011018	365	-0.0123369	0.0365561	0.933810928	0.004714006	0.083632317	1.00583725
BBE_02	BBE	2	NH	C	43.83457	71.54906	0.002998	0.7	0.6	25.94408562	10.89651596	368	0.006339613	0.03970208	0.908859102	0.004714006	0.083632317	1.00583725
BBE_03	BBE	3	NH	C	43.83484	71.53966	0.002988	0.6	0.866666667	30.59076131	15.90719589	373	-0.002594198	0.04331246	0.926694038	0.004714006	0.083632317	1.00583725
BBE_04	BBE	4	NH	C	43.83367	71.53963	0.00349	0.64	0.933333333	35.01348607	20.91472234	383	0.002592175	0.05464034	0.913772522	0.004714006	0.083632317	1.00583725
BBE_05	BBE	5	NH	C	43.83176	71.54305	0.003486	0.78	1	31.43843494	24.52197925	374	-0.006009568	0.04653298	0.905899441	0.004714006	0.083632317	1.00583725
BER_01	BER	1	ME	C	44.69079	70.37595	0.003454	0.54	1	33.92766716	18.32094027	481	0.001489781	0.05074824	0.88070669	0.009588427	0.102900243	1.018687156
BER_02	BER	2	ME	C	44.69043	70.37637	0.003824	0.68	0.866666667	30.92041652	18.22243214	487	0.006065829	0.05998518	0.899054143	0.009588427	0.102900243	1.018687156
BER_03	BER	3	ME	C	44.68987	70.37686	0.002578	0.7	1	35.0870896	24.56096272	482	0.023820992	0.04748987	0.896813919	0.009588427	0.102900243	1.018687156
BER_04	BER	4	ME	C	44.68953	70.37609	0.002274	0.54	0.8	36.81933201	15.90595143	487	0.004389909	0.05431439	0.915518023	0.009588427	0.102900243	1.018687156
BER_05	BER	5	ME	C	44.68899	70.37624	0.002796	0.52	0.733333333	20.24095927	7.718552466	492	0.021246508	0.05396633	0.88850518	0.009588427	0.102900243	1.018687156
BER_06	BER	6	ME	C	44.68834	70.37627	0.003254	0.46	0.666666667	29.19359924	8.952703772	496	0.01848307	0.06803629	0.897318227	0.009588427	0.102900243	1.018687156
BFA_01	BFA	1	WV	E	38.4766	79.7229	0.003146	0.46	1	34.46178945	15.85242315	1348	-0.041824354	-0.04996938	0.902260989	0.008800936	0.090584892	1.006236161
BFA_02	BFA	2	WV	E	38.47666	79.71849	0.003654	0.7	0.933333333	23.64518665	15.44818861	1325	-0.042627379	-0.05667235	0.885707883	0.008800936	0.090584892	1.006236161
BFA_03	BFA	3	WV	E	38.47696	79.71696	0.002908	0.38	1	28.53572615	10.84357594	1336	-0.043922288	-0.05734311	0.91612668	0.008800936	0.090584892	1.006236161
BFA_04	BFA	4	WV	E	38.47797	79.7165	0.003642	0.52	0.8	30.13763336	12.53725548	1333	-0.042544743	-0.0561441	0.91267246	0.008800936	0.090584892	1.006236161
BFA_05	BFA	5	WV	E	38.47892	79.71738	0.002594	0.36	0.866666667	26.40881381	8.239549912	1328	-0.044419397	-0.05227255	0.92167103	0.008800936	0.090584892	1.006236161
BLA_01	BLA	1	PA	M	41.11477	75.59536	0.003792	0.78	1	34.81563894	27.15619837	475	0.054912188	-0.06200394	0.890686972	0.008808228	0.106341538	1.036146316
BLA_02	BLA	2	PA	M	41.11296	75.59274	0.003806	0.92	1	38.99631859	35.8766131	499	0.096237902	-0.08772851	0.900123674	0.008808228	0.106341538	1.036146316
BLA_03	BLA	3	PA	M	41.11094	75.58869	0.003632	0.34	1	40.23944234	13.68141039	513	0.025357238	-0.05748761	0.901149816	0.008808228	0.106341538	1.036146316
BLA_04	BLA	4	PA	M	41.11113	75.58817	0.002262	0.44	1	36.47454461	16.04879963	513	0.085995738	-0.04724334	0.85905583	0.008808228	0.106341538	1.036146316
BLA_05	BLA	5	PA	M	41.11547	75.59589	0.002508	0.42	0.8	35.33376751	11.87214588	510	0.084815887	-0.02580046	0.88536663	0.008808228	0.106341538	1.036146316
BRA_01	BRA	1	PA	M	41.15817	75.53619	0.003062	0.84	0.6	29.94281908	15.09118082	520	0.063513166	-0.06624058	0.864334631	0.011301948	0.110541501	1.011367502
BRA_02	BRA	2	PA	M	41.15854	75.53651	0.003982	0.62	0.933333333	31.20095205	18.05495091	531	0.030159341	-0.06544839	0.890342665	0.011301948	0.110541501	1.011367502
BRA_03	BRA	3	PA	M	41.16102	75.53809	0.003894	0.74	0.933333333	30.34810856	20.96042697	528	0.030604543	-0.05597927	0.916677722	0.011301948	0.110541501	1.011367502
BRA_04	BRA	4	PA	M	41.16406	75.54375	0.004032	0.82	1	38.921224	31.91540368	531	0.039276601	-0.05881521	0.864667243	0.011301948	0.110541501	1.011367502
BRA_05	BRA	5	PA	M	41.15577	75.52876	0.002986	0.88	1	32.41026063	28.52102935	539	0.047528042	-0.04017587	0.875771081	0.011301948	0.110541501	1.011367502
BRB_01	BRB	1	WV	E	39.11781	79.58277	0.003916	0.66	0.933333333	22.57125112	13.90389069	988	-0.040835768	-0.06120443	0.918036047	0.003653081	0.077844817	1.003347831
BRB_02	BRB	2	WV	E	39.11853	79.58482	0.002628	0.44	1	21.37285854	9.404057757	985	-0.04382208	-0.063557	0.926647341	0.003653081	0.077844817	1.003347831
BRB_03	BRB	3	WV	E	39.11863	79.58606	0.002602	0.52	0.933333333	29.46477656	14.30023822	983	-0.044642793	-0.05925962	0.910844021	0.003653081	0.077844817	1.003347831
BRB_04	BRB	4	WV	E	39.11602	79.58139	0.003934	0.72	1	30.22538884	21.76227997	986	-0.042847343	-0.04673917	0.915794541	0.003653081	0.077844817	1.003347831
BRU_02	BRU	2	PA	M	41.35133	75.17426	0.001686	0.34	1	38.65185952	13.14163224	539	0.411994254	-0.07070226	0.85893791	0.007805636	0.113772573	1.032261184
BRU_03	BRU	3	PA	M	41.34784	75.20009	0.002092	0.5	0.4	29.17611621	5.835223241	551	0.174154471	-0.08799853	0.876890304	0.007805636	0.113772573	1.032261184
BRU_04	BRU	4	PA	M	41.3456	75.20216	0.0028	0.58	0.933333333	47.56003491	25.74583222	559	0.188090154	-0.05239011	0.878771552	0.007805636	0.113772573	1.032261184
BRU_05	BRU	5	PA	M	41.34357	75.20504	0.002932	0.98	1	42.27352172	41.42805129	570	0.137007533	-0.08124771	0.876949059	0.007805636	0.113772573	1.032261184
BRU_06	BRU	6	PA	M	41.34406	75.20509	0.003148	0.82	0.933333333	45.38968212	34.73823671	570	0.137876771	-0.05877478	0.887433609	0.007805636	0.113772573	1.032261184
CAM_01	CAM	1	VT	C	44.30394	72.91039	0.00388	0.64	0.6	35.88937353	13.78151944	538	-0.005458244	0.06934854	0.910514996	0.011090492	0.098960061	1.001615446
CAM_02	CAM	2	VT	C	44.31687	72.90208	0.004154	0.82	0.933333333	24.01841494	18.38209356	808	-0.030978518	0.05489227	0.911888323	0.011090492	0.098960061	1.001615446
CAM_03	CAM	3	VT	C	44.32212	72.88999	0.003038	0.5	0.8	35.6364664	14.25458656	1102	0.004464351	0.05063572	0.941627479	0.011090492	0.098960061	1.001615446
CAM_04	CAM	4	VT	C	44.3215	72.89375	0.003	0.66	0.866666667	26.61580872	15.22424259	999	0.003276204	0.06493765	0.863677229	0.011090492	0.098960061	1.001615446
CAM_05	CAM	5	VT	C	44.32146	72.89611	0.003284	0.72	1	28.28820903	20.3675105	927	-0.021906138	0.06754478	0.929823721	0.011090492	0.098960061	1.001615446
CAM_06	CAM	6	VT	C	44.32074	72.89718	0.003628	0.88	0.933333333	34.80775953	28.58877315	909	-0.030705203	0.05491607	0.878230342	0.011090492	0.098960061	1.001615446
CR_03	CR	3	NC	E	35.748862	82.272246	0.003912	0.56	1	23.81881538	13.33853661	1819	-0.041086786	-0.05336289	0.908711977	0.006777523	0.087086069	1.002650336
CR_04	CR	4	NC	E	35.750184	82.270068	0.004306	0.38	1	27.64062426	10.50343722	1811	-0.044671295	-0.06272699	0.912516517	0.006777523	0.087086069	1.002650336
CR_05	CR	5	NC	E	35.75331	82.270147	0.00396	0.14	0.846153846	32.08064683	3.800322777	1792	-0.044881967	-0.06317725	0.91254154	0.006777523	0.087086069	1.002650336
CR_06	CR	6	NC	E	35.755691	82.269877	0.003998	0.4	1	32.8418108	13.13672432	1776	-0.041435259	-0.0577228	0.901691412	0.006777523	0.087086069	1.002650336
CR_07	CR	7	NC	E	35.758106	82.267885	0.004308	0.38	0.933333333	26.76498611	9.492648404	1763	-0.041715321	-0.05644014	0.92400896	0.006777523	0.087086069	1.002650336
CRA_01	CRA	1	WV	E	38.1888	80.27092	0.002542	0.52	1	30.7461302	15.9879877	1072	-0.04132991	-0.06029071	0.912862428	0.00678846	0.087777547	0.998251338
CRA_02	CRA	2	WV	E	38.19923	80.27311	0.003944	0.8	1	29.24744469	23.39795575	1026	-0.043865981	-0.06004844	0.918682659	0.00678846	0.087777547	0.998251338
CRA_03	CRA	3	WV	E	38.19989	80.27286	0.003814	0.64	1	26.71663727	17.09864785	1023	-0.04312907	-0.05145182	0.90254916	0.00678846	0.087777547	0.998251338
CRA_04	CRA	4	WV	E	38.20064	80.27233	0.003486	0.84	1	31.06252651	26.09252227	1023	-0.041112518	-0.05515702	0.92483611	0.00678846	0.087777547	0.998251338
CRA_05	CRA	5	WV	E	38.20126	80.27228	0.004518	0.84	1	37.28517855	31.31954998	1021	-0.041972858	-0.05170905	0.915481836	0.00678846	0.087777547	0.998251338
CRA_06	CRA	6	WV	E	38.19853	80.27083	0.002636	0.4	0.933333333	29.91856681	11.16959827	1026	-0.045831395	-0.05900897	0.922646116	0.00678846	0.087777547	0.998251338
CRR_01	CRR	1	PA	M	41.37048	76.26347	0.002558	0.62	0.733333333	35.58907335	16.18116534	674	-0.000322121	-0.040537	0.908206558	0.00115207	0.067226401	0.998065898
CRR_02	CRR	2	PA	M	41.37093	76.26328	0.004058	0.68	1	26.11773872	17.76006233	668	0.001544988	-0.02292864	0.906004346	0.00115207	0.067226401	0.998065898
DG_04	DG	4	NC	E	35.78115	82.2597	0.0041	0.44	0.933333333	24.37468575	10.00987094	1955	-0.043533035	-0.0603686	0.892206748	0.008017091	0.091630052	1.018964678
DG_05	DG	5	NC	E	35.78197	82.25905	0.004424	0.6	1	25.86826522	15.52095913	1915	-0.041113006	-0.06208022	0.913606813	0.008017091	0.091630052	1.018964678
DG_06	DG	6	NC	E	35.78233	82.25908	0.003196	0.1	0.6	28.77231858	1.726339115	1908	-0.046300634	-0.06572226	0.924274058	0.008017091	0.091630052	1.018964678
DG_08	DG	8	NC	E	35.78377	82.25858	0.004324	0.18	1	23.26142096	4.187055774	1897	-0.043742085	-0.06225512	0.882244318	0.008017091	0.091630052	1.018964678
DG_10	DG	10	NC	E	35.786327	82.25755	0.005436	0.22	0.833333333	32.08390491	5.882049232	1922	-0.044536634	-0.0620873	0.922000893	0.008017091	0.091630052	1.018964678
EQU_01	EQU	1	VT	C	43.13636	73.13577	0.003578	0.74	0.8	33.10567132	19.59855742	608	-0.026160329	0.03159495	0.918118572	0.009045204	0.090345711	1.008905017
EQU_02	EQU	2	VT	C	43.14051	73.14051	0.00346	0.92	1	32.35401391	29.7656928	701	0.002902697	0.03152832	0.909570681	0.009045204	0.090345711	1.008905017
EQU_03	EQU	3	VT	C	43.14039	73.13477	0.003426	0.78	0.933333333	30.81387802	22.43250319	744	-0.002477208	0.05047594	0.8983311	0.009045204	0.090345711	1.008905017
EQU_04	EQU	4	VT	C	43.15425	73.12742	0.003364	0.74	1	31.04695933	22.97474991	975	-0.019585149	0.03360465	0.931188052	0.009045204	0.090345711	1.008905017
EQU_05	EQU	5	VT	C	43.15975	73.1255	0.00412	0.6	0.6	31.9039471	11.48542096	1023	0.012405651	0.0351798	0.913550041	0.009045204	0.090345711	1.008905017
EQU_06	EQU	6	VT	C	43.1619	73.12386	0.004268	0.78	1	28.73925012	22.4166151	1063	-0.024694819	0.04516705	0.90961427	0.009045204	0.090345711	1.008905017
ESC_01	ESC	1	NY	C	42.19985	74.03118	0.003852	0.6	0.933333333	30.25351405	16.94196786	678	-0.03541954	0.05525571	0.920096536	0.008130111	0.092781297	1.006306418
ESC_02	ESC	2	NY	C	42.20077	74.03092	0.003268	0.44	0.733333333	32.05678016	10.34365439	685	0.000639511	0.02139557	0.893895779	0.008130111	0.092781297	1.006306418
ESC_03	ESC	3	NY	C	42.20205	74.02971	0.00375	0.28	0.571428571	24.19453304	3.871125283	694	-0.033751579	0.03235876	0.917040639	0.008130111	0.092781297	1.006306418
ESC_04	ESC	4	NY	C	42.20549	74.03112	0.00383	0.78	0.933333333	25.98735475	18.91879425	730	-0.040534315	0.03380934	0.891201997	0.008130111	0.092781297	1.006306418
ESC_05	ESC	5	NY	C	42.21354	74.03379	0.00362	0.54	0.933333333	27.9395979	14.08155734	792	-0.025454756	0.04776181	0.926065401	0.008130111	0.092781297	1.006306418
ESC_06	ESC	6	NY	C	42.21471	74.03587	0.003022	0.46	0.533333333	30.90389652	7.581755942	829	-0.014141596	0.01695772	0.917653145	0.008130111	0.092781297	1.006306418
G13_01	G13	1	PA	M	41.41342	76.29673	0.002726	0.86	0.933333333	23.00968967	18.4691109	641	0.00759032	-0.03807927	0.891123586	0.006952521	0.090772629	0.997157498
G13_02	G13	2	PA	M	41.41315	76.29758	0.00309	0.72	0.866666667	31.04695297	19.37329866	639	0.017735259	-0.01841669	0.907102685	0.006952521	0.090772629	0.997157498
G13_03	G13	3	PA	M	41.41275	76.29931	0.002992	0.7	0.866666667	27.33802646	16.58506939	634	-0.015743077	-0.01571947	0.896284988	0.006952521	0.090772629	0.997157498
G13_04	G13	4	PA	M	41.41232	76.29998	0.003036	0.5	0.533333333	29.26389673	7.803705789	637	-0.010892859	-0.01081083	0.932487531	0.006952521	0.090772629	0.997157498
G13_05	G13	5	PA	M	41.41286	76.2958	0.002994	0.62	1	28.74162808	17.81980941	640	-0.004374157	-0.03310578	0.914699261	0.006952521	0.090772629	0.997157498
G18_01	G18	1	PA	M	41.09564	75.4884	0.003094	0.84	1	35.7793021	30.05461376	538	0.043145942	-0.04230134	0.889104778	0.003817142	0.087324065	1.009720015
G18_02	G18	2	PA	M	41.09326	75.49049	0.00427	0.72	0.866666667	30.46333826	19.00912308	552	0.011080498	-0.05122363	0.892130005	0.003817142	0.087324065	1.009720015
G18_03	G18	3	PA	M	41.09363	75.48915	NA	NA	0	NA	NA	560	0.039264793	-0.07843686	0.903090018	0.003817142	0.087324065	1.009720015
G57_01	G57	1	PA	M	41.38781	76.25086	0.003112	0.54	1	33.99951479	18.35973798	644	0.036750872	-0.02758006	0.921351039	0.016125328	0.11038549	1.014611733
G57_02	G57	2	PA	M	41.38786	76.24996	NA	NA	0	NA	NA	644	0.006740008	-0.04154449	0.906337954	0.016125328	0.11038549	1.014611733
G57_03	G57	3	PA	M	41.39196	76.24501	NA	NA	0	NA	NA	635	0.00585142	-0.02610197	0.914073846	0.016125328	0.11038549	1.014611733
G57_04	G57	4	PA	M	41.38787	76.25036	NA	NA	0	NA	NA	655	-0.005859959	-0.02248646	0.895546853	0.016125328	0.11038549	1.014611733
G57_05	G57	5	PA	M	41.3885	76.27803	0.003936	0.88	0.866666667	28.20162259	21.5084375	646	0.007994718	-0.03155389	0.917193919	0.016125328	0.11038549	1.014611733
G57_06	G57	6	PA	M	41.39518	76.24475	0.003022	0.64	1	32.15484803	20.57910274	632	-0.002186436	-0.05174642	0.891559358	0.016125328	0.11038549	1.014611733
G57_07	G57	7	PA	M	41.41808	76.16374	0.003324	0.8	0.933333333	30.34896316	22.66055915	647	-0.015641772	-0.04091933	0.924919265	0.016125328	0.11038549	1.014611733
G57_08	G57	8	PA	M	41.41875	76.16496	0.00291	0.84	1	24.19969184	20.32774115	652	0.015094153	-0.0533558	0.848533631	0.016125328	0.11038549	1.014611733
G57_09	G57	9	PA	M	41.41903	76.16552	0.004432	0.76	0.933333333	37.63289967	26.69427016	652	-0.012632734	-0.05509192	0.92702029	0.016125328	0.11038549	1.014611733
G57_10	G57	10	PA	M	41.41903	76.16604	0.00226	0.54	0.666666667	25.2339193	9.084210954	652	0.007818348	-0.0472114	0.909431903	0.016125328	0.11038549	1.014611733
G57_11	G57	11	PA	M	41.41982	76.16662	0.003548	0.74	0.933333333	32.63742069	22.54157855	652	0.009631032	-0.04696644	0.891274043	0.016125328	0.11038549	1.014611733
GPA_01	GPA	1	WV	E	38.6156	79.84402	0.004014	0.42	1	28.2625622	11.87027612	1363	-0.043362979	-0.04827081	0.910875749	0.005720244	0.085154265	1.010524175
GPA_02	GPA	2	WV	E	38.61929	79.8956	0.003724	0.34	0.8	30.34343079	8.253413174	1339	-0.040625387	-0.05697129	0.907165502	0.005720244	0.085154265	1.010524175
GPA_03	GPA	3	WV	E	38.61926	79.84243	0.00543	0.5	1	31.87778072	15.93889036	1314	-0.0437903	-0.04783941	0.916197776	0.005720244	0.085154265	1.010524175
GPA_04	GPA	4	WV	E	38.59968	79.85046	0.004466	0.54	0.933333333	29.31877673	14.77666347	1147	-0.041363975	-0.04896823	0.894822627	0.005720244	0.085154265	1.010524175
GRE_01	GRE	1	MA	C	42.6402	73.17194	0.002808	0.68	1	27.11429583	18.43772117	929	0.03181947	0.03822273	0.893256933	0.0087025	0.09555111	1.014799541
GRE_03	GRE	3	MA	C	42.63586	73.16558	0.003656	0.74	0.933333333	28.20776891	19.48216572	1055	-0.025114356	0.03997947	0.913051686	0.0087025	0.09555111	1.014799541
GRE_04	GRE	4	MA	C	42.63636	73.16608	0.003552	0.68	0.933333333	28.74191614	18.24153611	1055	-0.000534501	0.04277276	0.895686539	0.0087025	0.09555111	1.014799541
GRE_05	GRE	5	MA	C	42.63514	73.16494	0.003652	0.5	0.466666667	29.3542193	6.849317842	1013	-0.021040463	0.04047003	0.934940735	0.0087025	0.09555111	1.014799541
GRE_06	GRE	6	MA	C	42.63069	73.17808	0.003608	0.64	0.933333333	22.51824429	13.45089792	934	-0.030026725	0.04885211	0.912616919	0.0087025	0.09555111	1.014799541
GRE_07	GRE	7	MA	C	42.63034	73.18195	0.004666	0.66	1	33.97175351	22.42135732	888	-0.030521089	0.04666899	0.893100993	0.0087025	0.09555111	1.014799541
HR_01	HR	1	TN	E	35.5714	83.17954	0.00454	0.08	0.857142857	30.43660711	2.08708163	1615	-0.03395046	0.03169333	0.900120038	0.011914441	0.095022556	1.000186212
HR_03	HR	3	TN	E	35.56898	83.17448	0.00363	0.48	0.933333333	27.91302081	12.50503332	1627	-0.045058208	-0.06033773	0.906282549	0.011914441	0.095022556	1.000186212
HR_05	HR	5	TN	E	35.57113	83.1706	0.003732	0.52	1	28.20379514	14.66597347	1607	-0.043220736	-0.05270862	0.914471488	0.011914441	0.095022556	1.000186212
HR_07	HR	7	TN	E	35.56706	83.16762	0.003914	0.26	0.666666667	28.84428787	4.999676567	1595	-0.043303164	-0.05641037	0.88768669	0.011914441	0.095022556	1.000186212
HR_10	HR	10	TN	E	35.61916	83.20716	0.003076	0.6	1	32.5658626	19.53951756	1036	-0.043569417	-0.06053582	0.915882223	0.011914441	0.095022556	1.000186212
HUN_01	HUN	1	NY	C	42.17801	74.22929	0.002696	0.34	0.466666667	22.60306551	3.586353064	1221	-0.022447744	0.03545531	0.915610236	0.008990517	0.093273751	1.003093876
HUN_02	HUN	2	NY	C	42.17772	74.2286	0.002692	0.18	0.866666667	30.12838998	4.700028839	1198	-0.039497309	0.03383789	0.916971822	0.008990517	0.093273751	1.003093876
HUN_03	HUN	3	NY	C	42.17778	74.23087	0.002392	0.18	0.5	24.9002061	2.241018549	1219	-0.031215876	0.03680889	0.911841676	0.008990517	0.093273751	1.003093876
HUN_04	HUN	4	NY	C	42.17897	74.2295	0.003504	0.58	0.933333333	22.60400587	12.23630184	1203	-0.032847233	0.04563405	0.901648219	0.008990517	0.093273751	1.003093876
HUN_05	HUN	5	NY	C	42.17995	74.22938	0.002266	0.44	0.933333333	30.21226762	12.40717123	1189	-0.01492107	0.03556328	0.897531908	0.008990517	0.093273751	1.003093876
HUN_06	HUN	6	NY	C	42.19198	74.23504	0.003784	0.42	0.933333333	23.64850518	9.270214028	1029	-0.037744663	0.03227379	0.924317785	0.008990517	0.093273751	1.003093876
HUN_07	HUN	7	NY	C	42.19412	74.23513	NA	NA	0	NA	NA	991	-0.031912041	0.04865017	0.919484091	0.008990517	0.093273751	1.003093876
IND_01	IND	1	NY	C	42.16541	74.20158	0.003448	0.68	1	29.14675995	19.81979676	646	-0.023021793	0.04148299	0.918631607	0.008006154	0.092090564	0.995014578
IND_02	IND	2	NY	C	42.16542	74.20212	0.00312	0.54	0.866666667	25.1200789	11.75619693	652	-0.03224804	0.03019421	0.927739532	0.008006154	0.092090564	0.995014578
IND_03	IND	3	NY	C	42.16714	74.2009	0.004384	0.76	0.933333333	33.13949208	23.50694638	633	-0.033209713	0.04149705	0.905924614	0.008006154	0.092090564	0.995014578
IND_04	IND	4	NY	C	42.16395	74.20231	0.003834	0.5	0.6	27.92119249	8.376357748	641	-0.002374979	0.04411891	0.880572949	0.008006154	0.092090564	0.995014578
IND_05	IND	5	NY	C	42.16349	74.20258	0.003244	0.48	0.8	22.30132037	8.563707023	636	-0.009766072	0.03245917	0.90496525	0.008006154	0.092090564	0.995014578
IND_06	IND	6	NY	C	42.16228	74.20313	0.003508	0.56	1	26.78029227	14.99696367	637	-0.035208716	0.04774143	0.928239592	0.008006154	0.092090564	0.995014578
JAY_01	JAY	1	VT	C	44.92981	72.52965	0.002612	0.68	0.933333333	19.38537194	12.30324939	900	0.018000346	0.05632039	0.922873063	0.00152394	0.066256491	0.997301308
JAY_02	JAY	2	VT	C	44.9235	72.51746	0.003588	0.76	1	32.13282681	24.42094837	897	-0.007835333	0.06540788	0.940624186	0.00152394	0.066256491	0.997301308
JAY_03	JAY	3	VT	C	44.92305	72.51562	0.00318	0.88	0.866666667	26.45320926	20.17498094	861	-0.01711911	0.04997646	0.91105657	0.00152394	0.066256491	0.997301308
KAN_02	KAN	2	NH	C	44.02552	71.495	0.00257	0.54	0.533333333	34.88157259	10.0458929	862	0.069233949	0.02738472	0.869355633	0.007951467	0.100668841	1.015002694
KAN_03	KAN	3	NH	C	44.02137	71.47896	0.003014	0.68	1	34.59468621	23.52438662	785	0.032942171	0.05424564	0.903527538	0.007951467	0.100668841	1.015002694
KAN_04	KAN	4	NH	C	44.02144	71.47961	0.002784	0.6	0.933333333	30.21957917	16.92296433	787	0.022629586	0.0287446	0.897307748	0.007951467	0.100668841	1.015002694
KAN_05	KAN	5	NH	C	44.02235	71.47746	0.002412	0.78	0.933333333	28.32654881	20.62172753	777	0.024744641	0.05858565	0.916557399	0.007951467	0.100668841	1.015002694
KAN_06	KAN	6	NH	C	44.02168	71.49196	0.002604	0.82	1	27.20999897	22.31219915	841	0.019102879	0.06053392	0.88754936	0.007951467	0.100668841	1.015002694
KIL_01	KIL	1	VT	C	43.60633	72.81543	0.00286	0.3	0.733333333	27.9680543	6.152971943	1171	-0.024183685	0.04158739	0.919248983	0.009442595	0.098169644	1.010850624
KIL_02	KIL	2	VT	C	43.60703	72.81634	0.003188	0.56	1	30.17416834	16.89753427	1170	0.025744522	0.04475447	0.873321239	0.009442595	0.098169644	1.010850624
KIL_03	KIL	3	VT	C	43.60837	72.8176	0.002764	0.58	1	22.25153712	12.90589153	1145	0.005814962	0.05451212	0.888421277	0.009442595	0.098169644	1.010850624
KIL_04	KIL	4	VT	C	43.60933	72.81762	0.002548	0.82	0.866666667	20.32243536	14.4424774	1115	0.013108838	0.06159251	0.915205861	0.009442595	0.098169644	1.010850624
KIL_05	KIL	5	VT	C	43.61079	72.81821	0.003284	0.46	0.933333333	29.34193796	12.59747203	1072	-0.008557241	0.04819691	0.926735848	0.009442595	0.098169644	1.010850624
KIL_06	KIL	6	VT	C	43.61229	72.8187	0.003134	0.8	0.933333333	28.20061236	21.05645722	1047	0.004587281	0.03608653	0.901166089	0.009442595	0.098169644	1.010850624
KOS_01	KOS	1	WV	E	38.69131	79.53503	0.003996	0.72	1	30.7386357	22.1318177	1356	-0.04104986	-0.05289335	0.899559361	0.011360281	0.098162697	1.010327158
KOS_02	KOS	2	WV	E	38.6894	79.54405	0.004358	0.74	0.866666667	32.21922039	20.66326002	1419	-0.041353859	-0.0587011	0.903505894	0.011360281	0.098162697	1.010327158
KOS_03	KOS	3	WV	E	38.69502	79.54109	0.002304	0.36	0.866666667	29.03622249	9.059301419	1428	-0.037951888	-0.05180363	0.908672093	0.011360281	0.098162697	1.010327158
KOS_04	KOS	4	WV	E	38.69886	79.5338	0.00335	0.5	0.933333333	25.44751091	11.87550509	1479	-0.041251857	-0.06178732	0.891156314	0.011360281	0.098162697	1.010327158
KOS_05	KOS	5	WV	E	38.69966	79.5335	0.003954	0.26	0.888888889	30.51871115	7.053213245	1488	-0.042544563	-0.05288397	0.900665366	0.011360281	0.098162697	1.010327158
KOS_07	KOS	7	WV	E	38.7023	79.5302	0.003974	0.68	0.928571429	24.48925672	15.46321639	1485	-0.040223369	-0.06184721	0.902609084	0.011360281	0.098162697	1.010327158
LEU_01	LEU	1	ME	C	45.46921	70.37423	0.003014	0.62	0.533333333	28.19799466	9.324136895	668	0.067374969	0.08287156	0.890448781	0.00803532	0.102479605	1.024768706
LEU_02	LEU	2	ME	C	45.47563	70.37312	0.002286	0.38	0.4	31.89709907	4.848359058	629	0.045819207	0.05926133	0.869077388	0.00803532	0.102479605	1.024768706
LEU_03	LEU	3	ME	C	45.48267	70.37241	0.001514	0.32	0.714285714	28.10019904	6.422902635	741	0.017553686	0.06960365	0.908732569	0.00803532	0.102479605	1.024768706
LEU_04	LEU	4	ME	C	45.48342	70.3726	0.003638	0.58	1	32.32807852	18.75028554	752	0.051109845	0.06811645	0.911096906	0.00803532	0.102479605	1.024768706
LEU_05	LEU	5	ME	C	45.47165	70.3756	0.00284	0.74	0.866666667	25.21598791	16.17185359	588	0.084882007	0.06070521	0.885079097	0.00803532	0.102479605	1.024768706
LOL_01	LOL	1	NH	C	44.138	71.71053	0.00339	0.36	0.6	35.2646169	7.61715725	865	0.018595855	0.02639457	0.868529501	0.009632176	0.107961247	1.015120391
LOL_02	LOL	2	NH	C	44.14044	71.72354	0.00306	0.26	0.933333333	25.16661773	6.107099233	957	0.075547255	0.09604567	0.883930799	0.009632176	0.107961247	1.015120391
LOL_03	LOL	3	NH	C	44.14035	71.72276	0.002598	0.56	0.866666667	24.65375188	11.96528758	950	0.057607487	0.06814001	0.88396976	0.009632176	0.107961247	1.015120391
LOL_04	LOL	4	NH	C	44.14965	71.7104	0.003308	0.68	1	32.15757896	21.86715369	1154	0.107404754	0.07193421	0.913122259	0.009632176	0.107961247	1.015120391
LOL_05	LOL	5	NH	C	44.14922	71.71134	0.00308	0.42	0.8	29.38094751	9.871998362	1137	0.077327306	0.06890503	0.879598241	0.009632176	0.107961247	1.015120391
MAC_01	MAC	1	NY	C	44.05343	73.78043	0.002522	0.22	1	26.66971206	5.867336652	1317	0.012076902	0.04626444	0.912731049	0.010004047	0.100539795	1.010144233
MAC_02	MAC	2	NY	C	44.05138	73.78415	0.00298	0.38	0.733333333	30.05221618	8.374550904	1172	0.011169875	0.06177686	0.868058974	0.010004047	0.100539795	1.010144233
MAC_03	MAC	3	NY	C	44.05165	73.78802	0.002646	0.56	1	24.17052728	13.53549528	1036	-0.004622386	0.05790399	0.904332425	0.010004047	0.100539795	1.010144233
MAC_04	MAC	4	NY	C	44.05131	73.78914	0.003772	0.9	0.933333333	27.37160849	22.99215112	1014	-0.014783897	0.05289606	0.891480901	0.010004047	0.100539795	1.010144233
MAC_05	MAC	5	NY	C	44.05025	73.78994	0.003556	0.68	0.4	31.45809709	8.556602409	969	-0.017619787	0.04748249	0.89318743	0.010004047	0.100539795	1.010144233
MMF_06	MMF	6	VT	C	44.51949	72.79916	0.004272	0.32	0.8	31.10131845	7.961937523	887	-0.006955663	0.04421605	0.899089067	0.009869153	0.097962359	1.008097568
MMF_13	MMF	13	VT	C	44.51382	72.79353	NA	NA	0	NA	NA	737	-0.022863835	0.05900677	0.927001823	0.009869153	0.097962359	1.008097568
MMF_19	MMF	19	VT	C	44.51746	72.78966	NA	NA	0.066666667	27.25464105	NA	710	-0.03368895	0.04332724	0.902920713	0.009869153	0.097962359	1.008097568
MMF_25	MMF	25	VT	C	44.51437	72.79371	0.003202	0.74	0.6	25.90914221	11.50365914	749	-0.014571863	0.04584058	0.900212763	0.009869153	0.097962359	1.008097568
MMF_29	MMF	29	VT	C	44.53398	72.8021	NA	NA	0	NA	NA	780	-0.01729843	0.05214248	0.886880892	0.009869153	0.097962359	1.008097568
MMF_32	MMF	32	VT	C	44.52254	72.79615	NA	NA	0	NA	NA	854	0.006397656	0.05462832	0.920379474	0.009869153	0.097962359	1.008097568
MMF_35	MMF	35	VT	C	44.52314	72.7969	NA	NA	0	NA	NA	853	0.015603606	0.04381543	0.923299435	0.009869153	0.097962359	1.008097568
MPG_01	MPG	1	VT	C	44.72913	72.03024	0.002984	0.54	1	23.92399958	12.91895977	826	0.007871779	0.060644	0.900480579	0.009912902	0.09901235	1.000794726
MPG_02	MPG	2	VT	C	44.7312	72.03259	0.00376	0.36	0.6	27.54817819	5.950406489	820	0.003612073	0.04493678	0.912048232	0.009912902	0.09901235	1.000794726
MPG_03	MPG	3	VT	C	44.73103	72.03169	0.002068	0.28	1	29.93703505	8.382369814	830	0.019568867	0.06914643	0.914972793	0.009912902	0.09901235	1.000794726
MPG_04	MPG	4	VT	C	44.72968	72.02951	0.00177	0.32	0.545454545	23.61476646	4.121850142	820	-0.000778103	0.04311652	0.913134817	0.009912902	0.09901235	1.000794726
MPG_05	MPG	5	VT	C	44.72948	72.02926	0.002686	0.6	0.933333333	30.77774601	17.23553776	824	0.010759715	0.05090405	0.87931223	0.009912902	0.09901235	1.000794726
MPG_06	MPG	6	VT	C	44.72881	72.0307	0.002922	0.5	0.933333333	23.79943614	11.10640353	822	-0.001567431	0.04278663	0.894332261	0.009912902	0.09901235	1.000794726
MRC_02	MRC	2	VA	E	36.672274	81.506	0.003914	0.14	1	29.64315668	4.150041935	1600	-0.046732598	-0.05840058	0.91698304	0.005935346	0.085684071	1.014711844
MRC_07	MRC	7	VA	E	36.6625	81.516944	0.004432	0.38	0.8	25.38686889	7.717608141	1569	-0.044511631	-0.0572428	0.910010587	0.005935346	0.085684071	1.014711844
MRC_08	MRC	8	VA	E	36.6625	81.516111	0.004126	0.26	1	27.61544585	7.180015921	1554	-0.046261203	-0.05173893	0.920441696	0.005935346	0.085684071	1.014711844
MRC_16	MRC	16	VA	E	36.65629	81.54009	0.003574	0.4	0.866666667	28.22729449	9.785462094	1616	-0.046316713	-0.05894283	0.913259052	0.005935346	0.085684071	1.014711844
MRC_18	MRC	18	VA	E	36.65793	81.53847	0.004274	0.34	1	26.82745986	9.121336353	1645	-0.040443527	-0.04968946	0.908902072	0.005935346	0.085684071	1.014711844
MSK_01	MSK	1	NH	C	44.43429	71.43275	0.002416	0.3	0.666666667	34.66123132	6.932246267	1197	0.029645131	0.05397374	0.861638978	0.009424366	0.106392508	1.015230986
MSK_02	MSK	2	NH	C	44.43365	71.41321	0.002458	0.36	0.714285714	27.84941367	7.161277799	1226	0.031229155	0.0693444	0.889696115	0.009424366	0.106392508	1.015230986
MSK_03	MSK	3	NH	C	44.43383	71.42283	0.002638	0.48	1	37.67604013	18.08449926	1158	0.07608703	0.09153876	0.85568571	0.009424366	0.106392508	1.015230986
MSK_04	MSK	4	NH	C	44.4242	71.44677	0.002516	0.32	1	23.26229089	7.443933084	850	-0.004940052	0.06177839	0.913310214	0.009424366	0.106392508	1.015230986
MT_01	MT	1	NC	E	35.7568	82.2524	0.003782	0.42	1	27.64203469	11.60965457	1711	-0.046446541	-0.06319155	0.909695675	0.011816004	0.096072194	1.005717369
MT_04	MT	4	NC	E	35.75649	82.25134	0.003216	0.3	1	28.96937575	8.690812725	1678	-0.042932718	-0.06237305	0.916172567	0.011816004	0.096072194	1.005717369
MT_05	MT	5	NC	E	35.75581	82.25083	0.003408	0.44	0.933333333	29.14346938	11.96825142	1649	-0.044056459	-0.0555003	0.925506457	0.011816004	0.096072194	1.005717369
MT_07	MT	7	NC	E	35.75458	82.24234	0.00328	0.5	1	28.05088558	14.02544279	1470	-0.042487907	-0.05865034	0.932325781	0.011816004	0.096072194	1.005717369
MT_08	MT	8	NC	E	35.7524	82.24024	0.003066	0.42	0.8	29.37507894	9.870026524	1420	-0.042616095	-0.05746872	0.877111874	0.011816004	0.096072194	1.005717369
MT_09	MT	9	NC	E	35.75366	82.24549	0.003774	0.56	0	NA	0	1533	-0.045973157	-0.05712194	0.918748071	0.011816004	0.096072194	1.005717369
MT_12	MT	12	NC	E	35.757069	82.252205	0.003202	0.4	1	30.51991434	12.20796574	1701	-0.044107162	-0.05670155	0.916175378	0.011816004	0.096072194	1.005717369
NBTIC_543	NBTIC	543	NB	C	46.22	67.14	0.00387	0.56	0.933333333	36.73031224	19.19770985	NA	0.060402431	0.06988718	0.870002233	0.013540463	0.112960143	1.020761972
NBTIC_552	NBTIC	552	NB	C	46.18	67.15	0.0033	0.62	1	31.6473873	19.62138012	NA	0.061758801	0.06537528	0.849684185	0.013540463	0.112960143	1.020761972
NBTIC_565	NBTIC	565	NB	C	46.66	67.6	0.00389	0.46	1	36.78051635	16.91903752	NA	0.040020979	0.06709765	0.899094265	0.013540463	0.112960143	1.020761972
NBTIC_623	NBTIC	623	NB	C	45.48	66.65	0.00289	0.34	0.866666667	35.83591431	10.55964942	585	0.018251998	0.04832225	0.868819453	0.013540463	0.112960143	1.020761972
NBTIC_624	NBTIC	624	NB	C	45.42	66.7	0.003122	0.4	1	36.08376549	14.4335062	682	0.044931547	0.06045702	0.89712661	0.013540463	0.112960143	1.020761972
NBTIC_627	NBTIC	627	NB	C	45.26	66.49	0.003656	0.72	1	36.81921488	26.50983472	464	0.017475247	0.05026868	0.929128824	0.013540463	0.112960143	1.020761972
NOR_01	NOR	1	NY	C	42.21991	74.04099	0.003906	0.88	0.933333333	26.40881587	21.69044076	919	-0.006365285	0.03748897	0.915084513	0.009307701	0.09411041	1.023604676
NOR_02	NOR	2	NY	C	42.22041	74.04166	0.003966	0.66	0.8	20.31128747	10.72435978	923	-0.015285014	0.0410331	0.925164633	0.009307701	0.09411041	1.023604676
NOR_03	NOR	3	NY	C	42.22059	74.04261	0.002572	0.42	0.866666667	22.92124936	8.343334771	935	-0.032333914	0.03659417	0.896914154	0.009307701	0.09411041	1.023604676
NOR_04	NOR	4	NY	C	42.21969	74.04345	0.00278	0.28	0.733333333	26.52368803	5.446197274	937	-0.032545201	0.0401795	0.903519767	0.009307701	0.09411041	1.023604676
NOR_05	NOR	5	NY	C	42.21886	74.04497	0.003464	0.52	0.8	28.52411098	11.86603017	961	-0.03393366	0.02697274	0.922013189	0.009307701	0.09411041	1.023604676
NOR_06	NOR	6	NY	C	42.21925	74.04668	0.003634	0.42	1	29.14240435	12.23980983	962	-0.037576744	0.03365222	0.887576532	0.009307701	0.09411041	1.023604676
OCT_01	OCT	1	MA	C	42.36216	73.15527	0.003636	0.68	0.6	34.74616834	14.17643668	582	-0.006735688	0.0550884	0.913434913	0.010066025	0.098203883	1.011298329
OCT_02	OCT	2	MA	C	42.36126	73.15881	0.00319	0.72	0.933333333	25.63053351	17.22371851	576	-0.021945445	0.04141323	0.886411068	0.010066025	0.098203883	1.011298329
OCT_03	OCT	3	MA	C	42.35426	73.17902	0.00406	0.92	1	33.78205324	31.07948898	571	0.000401209	0.0349682	0.913401898	0.010066025	0.098203883	1.011298329
OCT_04	OCT	4	MA	C	42.34901	73.19077	0.003556	0.7	1	28.74943809	20.12460667	549	-0.003997874	0.05151964	0.915665175	0.010066025	0.098203883	1.011298329
OCT_06	OCT	6	MA	C	42.361	73.15971	0.00347	0.74	1	30.31959672	22.43650157	586	0.012827227	0.05370519	0.893066209	0.010066025	0.098203883	1.011298329
OCT_08	OCT	8	MA	C	42.36194	73.15504	0.003836	0.56	0.733333333	36.96684611	15.18105146	592	-0.016219897	0.02651105	0.896408114	0.010066025	0.098203883	1.011298329
OKE_01	OKE	1	VT	C	43.41356	72.74883	0.002958	0.66	1	23.78830884	15.70028383	812	0.000773525	0.0546127	0.919771559	0.008308755	0.100304089	1.014127254
OKE_02	OKE	2	VT	C	43.41016	72.75069	0.00283	0.7	0.866666667	31.77820963	19.27878052	910	0.001226427	0.04340889	0.902222912	0.008308755	0.100304089	1.014127254
OKE_03	OKE	3	VT	C	43.409	72.74791	0.003396	0.86	1	28.55027526	24.55323673	935	0.024240247	0.03924473	0.911476302	0.008308755	0.100304089	1.014127254
OKE_04	OKE	4	VT	C	43.40522	72.75047	0.002744	0.68	0.933333333	30.17523014	19.15121272	1020	0.039274082	0.05148226	0.911835312	0.008308755	0.100304089	1.014127254
OKE_05	OKE	5	VT	C	43.40388	72.75101	0.002874	0.54	0.866666667	24.40258666	11.42041056	1020	0.031339816	0.04864317	0.903566012	0.008308755	0.100304089	1.014127254
OKE_06	OKE	6	VT	C	43.40847	72.74814	0.003184	0.34	1	31.31589857	10.64740551	953	0.023387662	0.02572335	0.86296078	0.008308755	0.100304089	1.014127254
OWL_01	OWL	1	NH	C	44.29606	72.2939	0.00354	0.28	1	38.07737433	10.66166481	580	-0.010625543	0.04790151	0.914823313	0.005209833	0.085617452	1.006255559
OWL_02	OWL	2	NH	C	44.2958	72.29314	0.002838	0.12	0.4	33.80350261	1.622568125	581	0.00031755	0.04831034	0.916682761	0.005209833	0.085617452	1.006255559
OWL_03	OWL	3	NH	C	44.29611	72.29464	0.003446	0.74	0.933333333	34.74871636	23.99978009	584	0.004211745	0.0596187	0.908987596	0.005209833	0.085617452	1.006255559
OWL_04	OWL	4	NH	C	44.29652	72.29517	0.003052	0.5	0.933333333	36.84535293	17.19449803	589	-0.015459897	0.04141538	0.888759301	0.005209833	0.085617452	1.006255559
PRK_01	PRK	1	WV	E	38.32659	80.15412	0.003418	0.46	0.933333333	26.30888582	11.29528164	1440	-0.04211179	-0.05179059	0.91885969	0.006201488	0.085648417	1.014708061
PRK_02	PRK	2	WV	E	38.33402	80.15413	0.005434	0.5	1	27.85940495	13.92970247	1398	-0.041925353	-0.05975968	0.916611883	0.006201488	0.085648417	1.014708061
PRK_03	PRK	3	WV	E	38.34276	80.16302	0.003108	0.54	1	27.3381524	14.7626023	1268	-0.039876937	-0.0538458	0.907821848	0.006201488	0.085648417	1.014708061
PRK_04	PRK	4	WV	E	38.34618	80.16209	0.004432	0.86	0.933333333	32.07735987	25.74742751	1262	-0.044907989	-0.05478564	0.902981052	0.006201488	0.085648417	1.014708061
PRK_05	PRK	5	WV	E	38.34659	80.16196	0.004488	0.58	0.4	32.28897559	7.491042337	1267	-0.044330888	-0.05708462	0.924673817	0.006201488	0.085648417	1.014708061
PRO_01	PRO	1	VT	C	44.52872	72.86739	0.002892	0.3	NA	NA	0	448	-0.022387519	0.05393373	0.939878071	0.004385885	0.080247019	1.0033261
PRO_02	PRO	2	VT	C	44.52773	72.8672	0.003172	0.38	0.75	28.88141781	8.231204075	425	-0.015128031	0.04954903	0.931915528	0.004385885	0.080247019	1.0033261
PRO_03	PRO	3	VT	C	44.52746	72.86732	0.003338	0.36	0.8	29.31011366	8.441312735	420	-0.013361244	0.06021033	0.91084636	0.004385885	0.080247019	1.0033261
PRO_04	PRO	4	VT	C	44.52844	72.86649	0.002232	0.52	0.933333333	31.30916289	15.19538038	429	-0.019341908	0.03833924	0.886861346	0.004385885	0.080247019	1.0033261
RP_01	RP	1	TN	E	35.60925	83.44671	0.004058	0.36	1	27.90644582	10.0463205	1617	-0.042080486	-0.05796087	0.900107965	0.006711899	0.086586345	0.997641931
RP_03	RP	3	TN	E	35.60989	83.44798	0.003608	0.4	0.866666667	29.86057092	10.35166459	1586	-0.046286524	-0.05732008	0.929446623	0.006711899	0.086586345	0.997641931
RP_05	RP	5	TN	E	35.61014	83.45202	0.004212	0.4	0.933333333	31.1785998	11.64001059	1545	-0.041273129	-0.05991391	0.936131993	0.006711899	0.086586345	0.997641931
RP_06	RP	6	TN	E	35.61018	83.45275	0.003352	0.3	0.866666667	24.7137366	6.425571519	1537	-0.04433306	-0.05676188	0.892768014	0.006711899	0.086586345	0.997641931
RP_11	RP	11	TN	E	35.61305	83.46869	0.003618	0.34	1	30.29313844	10.29966707	1370	-0.045656224	-0.05931992	0.910888172	0.006711899	0.086586345	0.997641931
SAV_01	SAV	1	MA	C	42.60101	73.02749	0.003956	0.58	0.6	32.16617554	11.19382909	767	0.0125407	0.02593285	0.905756975	0.0093952	0.097565241	1.007642195
SAV_02	SAV	2	MA	C	42.60059	73.0264	0.003706	0.7	1	31.88685302	22.32079711	759	-0.011354351	0.04419545	0.908905503	0.0093952	0.097565241	1.007642195
SAV_03	SAV	3	MA	C	42.60036	73.02493	0.003374	0.74	0.933333333	33.35086924	23.03433368	738	-0.025684506	0.02847204	0.910260732	0.0093952	0.097565241	1.007642195
SAV_04	SAV	4	MA	C	42.65836	73.05849	0.004146	0.56	0.8	25.63206435	11.48316483	564	-0.034880319	0.03000438	0.926418985	0.0093952	0.097565241	1.007642195
SAV_05	SAV	5	MA	C	42.65893	73.05984	0.004086	0.52	0.933333333	36.19231148	17.56533517	572	-0.02696226	0.04011405	0.908447804	0.0093952	0.097565241	1.007642195
SAV_06	SAV	6	MA	C	42.6589	73.06075	0.003812	0.54	0.4	33.85328251	7.312309021	577	-0.005754649	0.03929052	0.892395687	0.0093952	0.097565241	1.007642195
SAV_07	SAV	7	MA	C	42.65743	73.06254	0.00374	0.74	1	30.57399338	22.6247551	612	-0.012191088	0.03972267	0.901104927	0.0093952	0.097565241	1.007642195
SPR_01	SPR	1	PA	M	41.2067	75.64813	0.003022	0.4	0.8	30.96785647	9.909714069	586	0.103968204	-0.07699987	0.86936113	0.007601471	0.105490322	1.032946274
SPR_02	SPR	2	PA	M	41.20095	75.6479	0.002962	0.56	0.933333333	35.97776113	18.80437648	567	0.160455451	-0.06410843	0.885142323	0.007601471	0.105490322	1.032946274
SPR_03	SPR	3	PA	M	41.20177	75.64116	0.0032	0.46	0.933333333	35.17745347	15.10285335	585	0.117079088	-0.03537507	0.904438384	0.007601471	0.105490322	1.032946274
SPR_04	SPR	4	PA	M	41.2021	75.63768	0.003388	0.44	0.8	33.59933461	11.82696578	588	0.131800036	-0.08728744	0.904772985	0.007601471	0.105490322	1.032946274
SPR_05	SPR	5	PA	M	41.20205	75.6366	0.00303	0.48	1	36.07649092	17.31671564	590	0.131503011	-0.06023437	0.881737244	0.007601471	0.105490322	1.032946274
TWI_02	TWI	2	NY	C	42.11969	74.12601	0.003292	0.38	1	27.72496887	10.53548817	1064	-0.032243936	0.04884326	0.915069834	0.007769178	0.089460999	1.00920741
TWI_03	TWI	3	NY	C	42.1222	74.12683	0.003126	0.62	0.866666667	27.60392628	14.83250973	1042	-0.01680897	0.05877047	0.901901601	0.007769178	0.089460999	1.00920741
TWI_04	TWI	4	NY	C	42.12289	74.1269	0.003018	0.78	1	23.0316898	17.96471804	1051	-0.030659583	0.04725985	0.921516287	0.007769178	0.089460999	1.00920741
TWI_05	TWI	5	NY	C	42.12367	74.12727	0.002732	0.4	0.692307692	26.22766926	7.26304687	1074	-0.035934015	0.0390539	0.917200564	0.007769178	0.089460999	1.00920741
TWI_06	TWI	6	NY	C	42.12489	74.12855	0.003906	0.4	0.933333333	34.51372243	12.88512303	1100	-0.023806964	0.05241298	0.888326196	0.007769178	0.089460999	1.00920741
WA_412	WA	412	NC	E	35.34417	83.35255	0.0027	0.52	1	24.23126901	12.60025988	1285	-0.046447252	-0.05844474	0.920285326	0.007878551	0.089303278	1.002137004
WA_414	WA	414	NC	E	35.34103	83.35087	0.00371	0.42	1	28.24153851	11.86144617	1273	-0.045973773	-0.06048154	0.900829759	0.007878551	0.089303278	1.002137004
WA_416	WA	416	NC	E	35.33896	83.3516	0.00305	0.02	1	24.60292277	0.492058455	1251	-0.042437802	-0.05451325	0.887935053	0.007878551	0.089303278	1.002137004
WA_418	WA	418	NC	E	35.3378	83.35202	0.00184	0.26	0.6	25.22423468	3.934980609	1264	-0.038188038	-0.05446102	0.917167485	0.007878551	0.089303278	1.002137004
WA_419	WA	419	NC	E	35.34348	83.35368	0.003474	0.34	0.933333333	29.26541084	9.28689037	1277	-0.042757768	-0.06152877	0.917606193	0.007878551	0.089303278	1.002137004
WCA_01	WCA	1	NY	C	42.46577	74.57816	0.004118	0.5	1	23.3925796	11.6962898	574	-0.021110272	0.02669903	0.906531623	0.008516565	0.093591544	1.004613602
WCA_02	WCA	2	NY	C	42.4851	74.597	0.004108	0.36	1	28.98590713	10.43492657	582	-0.006855255	0.02834744	0.89480043	0.008516565	0.093591544	1.004613602
WCA_03	WCA	3	NY	C	42.4851	74.597	0.003324	0.32	0.333333333	30.98465967	3.305030362	582	-0.009158075	0.03067785	0.929036248	0.008516565	0.093591544	1.004613602
WCA_04	WCA	4	NY	C	42.48974	74.5986	0.004138	0.6	1	22.34223505	13.40534103	566	-0.023071249	0.02684464	0.910540685	0.008516565	0.093591544	1.004613602
WCA_05	WCA	5	NY	C	42.48933	74.59966	0.00419	0.72	1	36.62826344	26.37234968	568	-0.0390311	0.02392249	0.897784292	0.008516565	0.093591544	1.004613602
WCA_07	WCA	7	NY	C	42.49206	74.64082	0.004696	0.64	0.4	34.19954796	8.755084277	571	0.002523151	0.01037724	0.91070762	0.008516565	0.093591544	1.004613602
WHI_01	WHI	1	NY	C	44.39593	73.90094	0.002978	0.44	0.8	33.00475677	11.61767438	893	0.024239577	0.05151662	0.90878358	0.007747303	0.093454199	1.003135545
WHI_03	WHI	3	NY	C	44.39735	73.89967	0.002986	0.84	0.933333333	30.27058725	23.7321404	881	-0.015279721	0.06662097	0.916876633	0.007747303	0.093454199	1.003135545
WHI_04	WHI	4	NY	C	44.39754	73.89878	0.003514	0.72	0.8	31.85936537	18.35099445	877	-0.017303324	0.07280077	0.896564178	0.007747303	0.093454199	1.003135545
WHI_05	WHI	5	NY	C	44.3988	73.8951	0.002836	0.24	1	27.03940239	6.489456573	852	-0.008417216	0.06246016	0.902428158	0.007747303	0.093454199	1.003135545
WHI_07	WHI	7	NY	C	44.37091	73.90691	0.002152	0.06	0.533333333	24.29864279	0.777556569	1208	0.029330725	0.04495618	0.897377382	0.007747303	0.093454199	1.003135545
WHI_12	WHI	12	NY	C	44.39975	73.85603	NA	NA	0	NA	NA	573	-0.019633898	0.04483302	0.934587983	0.007747303	0.093454199	1.003135545
XBM_02	XBM	2	PA	M	40.73345	77.75672	0.002402	0.42	1	39.11298943	16.42745556	552	0.195393599	-0.10148027	0.856276526	0.010733205	0.115970353	1.02312624
XBM_03	XBM	3	PA	M	40.73457	77.75919	0.00231	0.46	0.933333333	46.24942003	19.85641766	561	0.10149092	-0.08999251	0.893137594	0.010733205	0.115970353	1.02312624
XBM_04	XBM	4	PA	M	40.73425	77.75865	0.002704	0.52	1	40.83810606	21.23581515	556	0.179515772	-0.09047065	0.88207109	0.010733205	0.115970353	1.02312624
XBM_05	XBM	5	PA	M	40.73351	77.75858	0.001672	0.66	0.733333333	32.13171897	15.55175198	555	0.186283878	-0.08398974	0.882638744	0.010733205	0.115970353	1.02312624
XBM_06	XBM	6	PA	M	40.73287	77.75868	0.002064	0.56	0.866666667	33.01529587	16.0234236	553	0.174684965	-0.07551039	0.888650674	0.010733205	0.115970353	1.02312624
XBM_07	XBM	7	PA	M	40.73135	77.7608	0.002374	0.82	0.866666667	36.8696672	26.2020435	566	0.134205207	-0.0534551	0.868747036	0.010733205	0.115970353	1.02312624
XCS_01	XCS	1	WV	E	39.53417	79.48211	0.001258	0.44	0.857142857	30.63883939	11.55521943	777	-0.035246569	-0.05640471	0.911310042	0.001141132	0.063290102	0.995621705
XCS_03	XCS	3	WV	E	39.53408	79.4812	0.002148	0.56	0.642857143	33.35961261	12.00946054	776	-0.033429915	-0.05827415	0.914647268	0.001141132	0.063290102	0.995621705
XCV_01	XCV	1	WV	E	39.09184	79.44985	0.002786	0.6	1	34.34979132	20.60987479	1141	0.018523022	0.05005201	0.904991785	0.010569144	0.106074687	1.010546688
XCV_02	XCV	2	WV	E	39.08964	79.45225	0.003854	0.6	0.933333333	38.33504952	21.46762773	1129	0.035529255	0.05137641	0.871730069	0.010569144	0.106074687	1.010546688
XCV_03	XCV	3	WV	E	39.08574	79.4577	0.003068	0.68	1	38.46439328	26.15578743	1123	0.020227039	0.06338275	0.884809751	0.010569144	0.106074687	1.010546688
XCV_04	XCV	4	WV	E	39.08291	79.46288	0.002644	0.52	1	34.09480313	17.72929763	1130	0.079963401	0.09799804	0.859717542	0.010569144	0.106074687	1.010546688
XCV_05	XCV	5	WV	E	39.07191	79.47373	0.003736	0.5	0.933333333	31.55348403	14.72495921	1113	-0.04275936	-0.05379088	0.914826021	0.010569144	0.106074687	1.010546688
XDS_01	XDS	1	WV	E	38.97031	79.34267	0.004352	0.52	0.6	27.04137741	8.436909752	1201	-0.044724432	-0.05286392	0.928719464	0.008002508	0.090199655	1.00272892
XDS_02	XDS	2	WV	E	38.97128	79.34201	0.004136	0.32	0.6	25.46856006	4.889963531	1191	-0.043489993	-0.05553964	0.901878812	0.008002508	0.090199655	1.00272892
XDS_03	XDS	3	WV	E	38.97446	79.33907	0.004182	0.2	1	25.50619105	5.101238211	1203	-0.037201859	-0.05790578	0.92220524	0.008002508	0.090199655	1.00272892
XDS_04	XDS	4	WV	E	38.98078	79.33386	0.002842	0.14	0.866666667	24.19681775	2.935880555	1213	-0.041549461	-0.05714316	0.910380233	0.008002508	0.090199655	1.00272892
XDS_05	XDS	5	WV	E	39.00473	79.32766	0.003292	0.18	1	33.66616455	6.059909619	1224	-0.035960672	-0.05837403	0.910701465	0.008002508	0.090199655	1.00272892
XDS_06	XDS	6	WV	E	39.04542	79.31111	0.004922	0.54	1	32.11781089	17.34361788	1210	-0.040555752	-0.05620424	0.902328316	0.008002508	0.090199655	1.00272892
XFS_01	XFS	1	MD	E	39.70285	78.93856	0.001776	0.06	1	23.07299737	1.384379842	825	-0.036409375	-0.06509788	0.917981131	0.003153608	0.072354463	1.003059014
XFS_02	XFS	2	MD	E	39.70614	78.93826	0.001412	0.02	0.666666667	22.73873142	0.303183086	827	-0.039512821	-0.05429602	0.919347651	0.003153608	0.072354463	1.003059014
XFS_03	XFS	3	MD	E	39.70361	78.94185	0.003196	0.3	1	32.17024171	9.651072514	820	-0.041806891	-0.06096136	0.908376716	0.003153608	0.072354463	1.003059014
XGL_02	XGL	2	MD	E	39.50541	79.27808	0.001142	0.24	0.916666667	26.42359577	5.81319107	815	-0.030896917	-0.05326712	0.908403258	0.00503119	0.086381873	1.003819903
XGL_03	XGL	3	MD	E	39.56346	79.27938	0.001006	0.26	0.857142857	27.11616605	6.04303129	815	-0.035911387	-0.06257737	0.912154026	0.00503119	0.086381873	1.003819903
XGL_04	XGL	4	MD	E	39.56291	79.28023	0.001902	0.26	0.866666667	30.61217892	6.89794432	815	-0.039777309	-0.06436574	0.907429996	0.00503119	0.086381873	1.003819903
XGL_05	XGL	5	MD	E	39.56215	79.27727	0.001348	0.32	1	32.2505123	10.32016394	809	-0.008382304	-0.06638247	0.896153967	0.00503119	0.086381873	1.003819903
XPK_01	XPK	1	WV	E	38.56175	79.49467	0.002068	0.38	1	25.45753009	9.673861436	1340	-0.042400348	-0.05401235	0.891321919	0.007229601	0.088512276	0.993582366
XPK_02	XPK	2	WV	E	38.56417	79.49506	0.002372	0.06	0.461538462	28.20445684	0.781046498	1364	-0.043748026	-0.04569542	0.911486422	0.007229601	0.088512276	0.993582366
XPK_03	XPK	3	WV	E	38.57069	79.49226	0.002612	0.1	0.933333333	32.36582691	3.02081051	1309	-0.04363809	-0.04558226	0.884550151	0.007229601	0.088512276	0.993582366
XPK_04	XPK	4	WV	E	38.56457	79.49476	0.002032	0.22	1	27.46753009	6.04285662	1360	-0.041259904	-0.05219636	0.927869878	0.007229601	0.088512276	0.993582366
XSK_01	XSK	1	WV	E	38.93676	79.68698	0.002712	0.16	0.933333333	22.82417933	3.408410779	1127	-0.043881771	-0.05899457	0.900957025	0.003193712	0.074640845	1.003773432
XSK_02	XSK	2	WV	E	38.93525	79.68056	0.00339	0.22	0.466666667	29.89227435	3.068940168	1101	-0.041840013	-0.06052088	0.925549979	0.003193712	0.074640845	1.003773432
XSK_05	XSK	5	WV	E	38.94198	79.66622	0.00285	0.12	0.9	26.495593	2.861524044	919	-0.037755601	-0.0576506	0.910393906	0.003193712	0.074640845	1.003773432
XWS_03	XWS	3	MD	E	39.66348	79.09103	0.000994	0	0.615384615	23.24863415	0	787	-0.038935523	-0.05218252	0.887245299	0.003966619	0.075655366	1.00171309
XWS_05	XWS	5	MD	E	39.65982	79.09377	0.001726	0.14	1	31.60462372	4.424647321	788	-0.04267315	-0.05954713	0.923698191	0.003966619	0.075655366	1.00171309
XWS_06	XWS	6	MD	E	39.65987	79.09471	0.000922	0.06	1	35.68773798	2.141264279	788	-0.024045797	-0.05738423	0.928540076	0.003966619	0.075655366	1.00171309